7714
6458
4849
8818
825
7017
9247
5919
3359
1296
533
2956
5818
9011
7359
9135
9525
5686
4773
8038
9207
9126
7929
8965
1494
2466
767
6669
791
9740
5908
2011
790
5903
8963
2528
1706
3975
8262
7715
4422
2427
5329
5263
7376
5573
4628
1872
6488
7750
6203
8010
5654
8714
960
6851
9422
2848
9708
1975
9397
7960
7734
224
5888
218
5373
1520
1524
1953
6157
5798
2164
4901
7490
8569
4014
5097
3243
8485
6890
3874
4130
3897
6217
3069
8501
1229
6227
4897
2313
3282
9772
3257
9271
7700
3296
1873
1244
4233
1359
7322
927
3487
5034
566
9189
9787
5522
414
1929
729
9361
6457
5488
3160
1261
1807
6164
3622
5158
4759
5405
4934
4886
5322
3959
2411
4363
8755
6280
7079
323
5189
2958
4279
8450
1969
858
6818
4471
9224
8124
7495
5669
8835
8397
3751
7785
1200
2739
1182
2810
8198
6204
3954
6995
3584
1567
5899
1809
1110
7460
401
2483
4812
6099
3159
420
797
6938
2802
9292
6958
1262
4184
3920
7710
5509
5439
6272
4598
7223
4669
3479
187
4555
2506
466
8684
8677
1241
6522
8263
3834
4977
5721
2330
1655
5497
4736
9692
419
3109
5332
8297
5239
2424
5025
4482
7952
3225
4905
9941
7596
5192
5123
5913
8189
2166
7778
477
8775
1492
4987
458
3024
2780
9871
7528
4699
2153
8514
8314
7508
8016
7810
5391
3525
463
3593
4950
4996
204
9346
7855
929
7382
6221
4484
7500
8554
6437
4807
3105
5783
4593
4867
3671
7568
7582
6432
9609
1300
9678
5096
3538
7886
2847
8325
9590
8717
958
7169
7587
9854
3210
2309
6347
9612
3206
9495
7556
4816
3265
2722
4370
2228
234
246
6219
3130
2132
6007
3960
5027
5225
6982
9727
7062
4380
3876
7670
2084
7802
6914
6582
7250
7095
1804
1415
9722
8120
6892
2885
3476
1529
4538
6093
8784
2660
6571
9820
3489
3237
757
4951
6123
5997
609
3600
4450
3768
710
2473
5429
4696
2311
5861
4767
2423
5165
559
4425
1247
7538
6763
2519
6872
9767
1145
8893
6981
7496
9217
8059
7028
6248
1920
2225
2088
6265
2677
6624
6597
5243
5692
4625
4351
3288
5187
5612
2452
3106
951
2224
8420
6838
5121
5506
2195
2367
8527
4803
9882
3814
9770
9580
2374
818
8941
5124
8447
1423
1017
1863
2875
5109
3029
6720
6627
3931
7586
1292
6688
9961
8470
8270
6373
9958
6059
2694
7099
7243
8513
7411
2926
656
2402
2015
8577
9885
2312
7430
3378
6708
3838
2555
5885
9716
799
8154
5465
6282
8578
7305
1236
5128
7273
9898
8939
2382
5479
4693
4341
7907
7162
7652
3319
1470
1915
6853
4466
5715
7121
7137
7774
8727
2752
2041
2789
5949
2767
521
699
5086
6179
8409
2246
994
4388
9900
605
9650
2514
5723
7559
5500
2221
2184
9017
8005
9332
6144
528
7100
6424
4808
2448
6665
9151
3204
2356
6832
3903
3596
7469
3404
4850
7242
5376
8013
5167
1403
423
3837
2800
2517
591
2695
1896
499
9357
985
3135
7206
2067
2366
6364
405
1973
1155
2490
6292
4308
8823
713
9513
2404
3019
6470
8770
6775
2985
778
8164
1394
5112
3664
5614
9437
711
7505
3360
1922
9106
3068
5942
1573
616
6664
5397
5174
6450
2864
9308
6998
1775
6366
2805
1675
1220
8903
8334
6070
4660
6679
8611
5649
2546
2102
2005
3667
9205
4065
9528
3848
5214
5190
4830
2757
736
9447
8377
7112
5215
4241
5750
9617
7346
9731
2103
9341
1315
2798
9062
5106
1593
4722
6199
2820
7936
4160
9690
6479
2212
5261
3140
3790
9665
5417
8087
7388
5502
4225
9293
1751
9145
5999
7405
1758
4857
8808
6924
7513
2353
5060
2076
4102
3439
3736
9322
9434
1378
4716
652
6578
2822
42
2463
7680
4346
5842
2613
7636
3833
5122
6067
7081
8626
6980
2611
7286
2644
7214
6716
7355
8909
9720
4411
9537
7602
4077
1057
6014
3186
7970
1999
321
1270
759
3014
3643
3795
6951
6979
3270
751
1129
8567
3341
6313
7451
2305
5996
4596
744
7940
5485
6793
6472
9619
9121
6312
7366
7739
9359
1818
7050
3436
9288
7
2282
2754
1834
733
9415
1157
9923
8952
9124
5132
903
3877
2673
6721
2903
6079
3519
9836
8618
9859
8317
6416
2758
9327
697
3085
4090
5826
5494
3473
8754
3031
6932
3001
7859
1077
3003
139
7524
2020
3880
6742
1456
3961
1862
5726
644
8125
4608
1856
8576
3509
4504
4744
9119
6588
7649
9130
4312
4218
1747
4881
3820
1246
4746
8094
9949
4877
8252
1998
6094
262
2346
3670
8268
3123
2900
8312
4427
8652
1465
4709
4159
3754
4325
8367
894
1274
5387
4345
7998
4674
1509
9901
8814
1358
4244
4416
4892
2899
4435
5704
980
897
7044
2500
5209
8809
9442
7468
6209
600
5212
2428
1748
7426
9196
5363
9538
2640
3286
5626
2349
6961
1877
6952
9049
5787
4023
5619
7788
1931
8396
3260
2004
9507
7007
6295
7402
4243
9869
9933
2006
1882
6306
2276
899
6344
6738
9991
5538
3211
3040
4912
5823
3923
310
7873
7261
4255
7891
1252
3440
9391
8100
6010
7197
122
7844
8291
923
7016
9791
6760
6167
4068
4004
7180
8046
617
9863
148
3539
5627
206
2760
2723
266
1585
8203
683
6101
9858
6254
496
5184
1716
9199
6782
1376
9042
5159
1455
9652
6973
3807
9490
2531
6599
9170
6811
479
1098
8285
9768
9636
8886
5834
6841
4717
9264
3393
9844
516
3673
1636
2911
3852
5851
5603
5437
2732
9393
8907
3734
4266
9493
1614
5828
5040
4658
8255
3262
3523
6860
5698
8843
5069
961
9531
5699
5098
7880
4129
3495
8221
1679
4856
9262
1985
8292
608
8926
2322
9024
9379
334
2773
2239
1119
3058
7775
2583
6491
1264
594
3899
8773
71
9234
4766
5304
583
3546
3729
7864
6625
1049
7440
1449
4941
7385
8850
2522
2630
2809
8871
3644
4777
5701
8041
3316
5934
9657
7413
7209
409
9874
4152
9480
4002
3171
8763
6368
9889
7883
6643
8171
6609
871
892
7412
8873
6092
2314
8172
3840
2261
4761
7481
3516
8174
1964
7823
9672
6868
346
780
6396
5467
8575
7375
9173
9291
3580
4473
5640
2893
5233
9669
5088
140
9229
2497
2769
3740
121
6468
3128
2568
7782
1273
8715
2505
6536
460
1623
6549
2045
4541
3933
9842
4727
6134
129
5249
3494
7364
7540
9035
9764
2734
6454
2138
7550
9664
9474
8872
5357
9312
4364
3672
2278
8092
7554
5013
8161
8959
7450
97
3413
4091
6873
6452
2318
1927
7296
1412
5878
208
8866
3200
7318
6816
8471
4366
3496
2881
1849
4622
870
3268
3510
2440
1958
1123
1750
2996
1239
932
4916
4512
3554
3309
9114
3197
291
3152
4493
5576
4610
2055
9057
9639
8405
7518
250
2834
3493
5234
4523
1799
7967
4390
7666
8836
4361
1897
6747
4047
4579
2494
9762
7168
9012
6310
6740
7002
8829
2591
5339
1047
8887
6746
4771
237
2600
1060
6051
4336
4811
5652
55
3125
6169
5982
1367
6243
3991
785
9041
8746
2250
4737
6916
9034
9068
4298
1513
6446
7677
6711
8961
692
5315
8985
2624
8197
685
4017
738
3627
3037
7483
244
8553
1116
8061
1391
8629
5084
9684
8260
7063
4307
7196
1418
48
1375
5628
8023
7575
1471
4544
8332
6707
4326
1669
529
4910
9566
1382
4487
4066
4373
2134
6895
6945
9109
8930
5074
9739
5615
1905
5689
3911
970
2653
3455
930
4470
7977
2432
6186
6127
8321
4879
5870
6696
1222
8687
2867
7995
197
8928
5198
6287
8906
6544
7170
8042
5712
2696
1755
3844
715
3305
411
2873
9027
4821
9503
3247
4591
8709
6004
7999
6727
5407
7870
2830
5872
2733
4587
9856
3865
1515
5503
1234
4932
2576
1458
9003
7562
1140
4358
3077
5295
2247
9374
2679
115
1444
2594
9779
2274
8112
8068
2449
2400
8017
3228
4677
4757
8837
6410
4992
5817
5268
9201
4844
5806
8213
1948
4462
9394
8421
2083
9981
7583
742
294
189
2064
4583
4647
4136
3776
4631
2071
3950
7054
5777
412
1335
9056
2262
1642
3763
3637
309
5094
3785
8156
8723
8882
8299
162
7277
8498
7642
9289
1879
7246
5085
2675
7910
5674
5969
8817
4417
29
2315
1427
7129
1088
4396
6058
515
7663
3724
1068
6202
3154
8905
5126
1430
6920
2407
9313
4724
6687
3602
7324
6580
1634
8371
2509
6429
9055
1381
5244
2865
875
964
253
7256
762
7008
8800
8785
3640
1020
9384
193
6400
5763
3482
4604
663
4372
2123
4226
4945
5639
4914
9368
4261
7427
5064
3780
2027
5928
127
4447
8729
2108
2298
6921
9183
6048
5862
5148
4083
8716
6779
4601
2275
8951
347
9540
1374
2120
8842
7031
885
1266
6908
5457
4627
7846
6770
2693
6635
8595
8015
9459
8786
7435
6001
2619
740
1957
2467
3697
1431
5470
8590
9814
2118
3529
5195
7749
1764
3127
5973
2307
504
5277
2912
4915
1523
2176
7233
9794
7310
7541
5569
487
1687
3124
1708
1000
6050
547
9586
9936
2063
2010
7920
5273
4871
3661
3223
3653
4477
1281
5175
9431
7313
4952
3613
8655
6398
9825
8519
6211
3906
5166
6831
5727
3245
4227
4755
538
735
4747
3143
7183
2129
774
1894
4893
585
7993
1091
4367
8993
9709
8090
5155
4286
138
2337
8272
1704
8253
4864
3497
6149
579
4045
2017
1342
3450
5691
2523
720
2743
2615
5081
6752
2181
4320
2516
6866
5904
1794
4783
6333
7803
2604
9857
8797
3714
2998
4786
4981
1258
1208
4111
9116
7951
5725
9203
388
7735
3008
1661
5103
7621
2710
4820
8176
6224
7066
9123
7082
567
8091
3530
5534
436
8734
2915
9696
6327
9131
357
8711
5891
8238
1193
3303
7758
58
3081
9880
3588
5517
2385
4019
7072
3213
5410
1482
763
8603
7124
974
8379
2171
3938
3547
6474
8557
8552
1216
3329
316
7471
327
5379
1941
5588
9574
622
5324
5380
8698
835
7947
4052
2793
5191
5608
6496
859
8599
8849
2148
5833
8863
872
7949
7174
6119
6531
9097
3706
3666
9641
306
6974
2329
3396
8995
5950
1033
8194
2572
7612
8458
4818
9906
434
5104
2991
3973
3480
4131
8827
7813
4656
7623
2632
5802
4213
8518
4557
2629
2101
2786
4268
1340
1099
256
4063
3847
2128
5223
9845
4193
592
9847
6271
848
2141
3163
3784
3900
7344
4290
5930
9568
1595
7608
4988
486
3470
4606
8331
651
7827
3826
1338
4057
1579
9159
8352
3176
6316
9827
6554
153
6409
6118
8633
1345
3102
5868
2906
8606
6020
5420
5515
8524
4944
9613
6236
3352
6220
8769
6240
5346
1291
3278
584
385
76
5734
4332
792
2340
2806
1713
7979
4198
8566
6735
7957
1203
5007
6637
7075
8030
2098
3824
3092
9962
1796
8250
4535
4701
6934
236
7105
6756
5361
3151
6178
9030
7732
943
7989
4510
5683
4374
6477
7605
6307
4822
3201
6651
5740
1473
3017
6565
5232
5413
7751
2242
2199
302
6802
1414
6534
4991
908
1137
8676
9579
6889
4472
2193
6022
6905
9627
2217
3361
8166
4585
6602
9466
9695
447
384
9223
9785
8395
4835
9711
912
7492
7164
2636
7767
100
4072
1746
5319
1089
925
5659
378
4144
9255
3362
6015
9046
2871
3561
7034
9432
8707
9771
9752
9076
4250
6907
8342
8032
8078
9408
5147
1079
3354
9622
4880
7712
4725
1496
7975
6148
5653
3443
839
5393
2026
170
9884
6349
5404
6445
9618
1653
4774
5955
9725
7635
4480
1563
7047
3144
4028
4731
1209
9849
8187
4710
9917
2271
7391
2121
3770
7515
8683
6546
8987
6910
9512
3043
3868
9777
2394
4324
5731
1817
6659
1404
203
7308
1566
1912
6401
2488
7756
6336
5651
5169
4513
1916
7523
8021
1853
794
6810
61
6397
3334
3156
8145
2874
8472
2846
7387
2240
179
7851
4533
6345
5178
7935
2268
5170
4682
4566
7753
4806
7297
3234
5743
8211
2648
3249
5696
9048
6030
3336
7499
6593
7253
9811
1344
6826
2492
6352
8891
2532
3691
7701
7825
2664
5549
6590
3067
2200
7001
4475
4676
1547
7690
6275
5067
3002
6136
1554
4554
3747
9450
5300
548
1136
4989
6842
6317
526
8699
4170
857
3853
1723
6611
15
5390
6712
1887
8639
456
2420
3619
6573
3162
3909
9278
5383
7374
3110
9113
8702
6861
5925
9138
9895
2109
3645
6575
3187
3712
3381
6612
4069
5455
2421
9954
2431
8757
7351
6798
8605
3323
4256
1071
9094
497
2557
4670
6605
3690
2418
4499
4543
2375
3926
9428
4079
1555
3533
8693
2091
6052
4982
8543
5869
1440
7272
4592
1002
574
6963
1283
3447
6264
8137
2066
3592
3967
6867
9401
23
5981
7752
9281
426
7474
8181
2530
8300
336
9922
4273
3521
3727
6772
6898
7692
5177
6620
1615
5752
8991
7888
89
5625
5604
1290
9804
9355
9220
2144
4750
28
5459
3119
9463
1460
1198
2116
4986
2265
2832
8558
5265
5714
3255
4788
2401
2651
8691
1789
5033
2706
1487
3266
9154
852
2720
3465
3314
1649
2280
2883
5940
7004
1531
24
3678
3528
7600
1788
9506
1037
752
6941
4040
2425
4531
5700
6858
9358
7514
2387
8134
9769
9817
1659
2054
9104
1477
7423
8096
7912
3073
3038
4195
2738
8370
2082
9532
8483
9077
5983
9558
6547
7491
9072
428
7392
3398
5131
6856
8431
7117
168
5181
6606
9801
6965
593
4635
7930
6153
3461
123
3792
6297
706
2498
3925
8631
954
2533
3165
6362
3892
7945
3765
5461
368
9970
5533
8393
7415
4197
5481
9088
6255
4399
689
2383
6252
8354
6426
3142
8696
2434
8122
2325
4050
3203
7479
2328
6274
4161
3970
8130
674
9219
6191
1269
8895
8712
3134
5767
3407
5354
9741
5284
941
7849
1978
6978
6047
13
1757
5385
7080
5267
4384
8248
2254
9956
9736
4957
9311
6757
5886
6773
464
6525
6776
7599
1212
4516
8791
8018
6404
6212
9467
9071
712
2040
6581
8888
8669
5471
9888
379
2433
8138
5995
3267
8920
4706
6704
6095
3194
1543
1310
2703
3843
3692
2112
1731
3873
9746
406
1664
4653
7221
2672
3191
6443
1282
6053
9155
1996
1859
6129
7860
3181
5610
2868
5344
9646
1407
6337
1685
819
896
8858
1606
9606
2541
655
505
1815
2717
9257
7534
7639
8875
7227
4840
9075
3563
4049
7861
755
1911
2838
4288
6555
5609
7926
2417
4831
4104
5711
1697
3414
1478
164
5275
3996
8740
3526
9989
4421
999
670
8131
8525
5477
6466
9979
5325
2486
589
1832
1720
2544
9492
3363
3908
4790
1213
4143
1450
8358
2736
3065
9651
328
8185
525
5989
2294
6447
4043
7954
8438
3253
2772
4723
3527
8530
72
2681
8535
6882
7536
5213
9406
5115
5338
6239
3631
2030
7185
955
2839
1022
1773
5287
1644
4269
3650
1074
4099
7679
6886
9971
2913
7724
645
4860
8830
4999
4899
7325
3802
2292
6917
9601
6305
2476
904
3325
2858
2296
1946
3366
2714
7076
6262
7238
6139
4248
4503
9194
9014
7444
6311
6155
7651
2627
1286
1238
1284
5702
2014
393
7149
6428
1174
4673
1904
7393
2668
7872
6324
803
5635
9860
8049
6135
4086
248
9100
3881
2287
6647
7217
118
3457
9013
2987
8119
719
1082
9339
5902
6918
9206
5428
1007
5348
5710
2778
5246
1790
5647
1092
3395
7203
4387
1855
5838
5220
3993
2801
1525
4041
8981
7918
6359
9713
8960
9505
5585
6214
911
7882
3417
9496
6335
70
2344
916
3813
741
317
4602
8681
68
4958
7877
5672
6683
8874
3994
5810
5071
3321
7511
781
3091
2499
8460
8563
4348
8204
975
9904
1646
8833
362
5561
4322
5446
4147
2877
5709
3246
7847
6482
6989
988
2928
989
9520
7133
1662
1549
9701
9703
226
3711
9879
6174
5510
5765
8774
1866
5575
9484
5570
1914
3376
3862
6964
1583
5632
9999
1526
3603
2914
1768
2304
4637
939
9918
8841
1094
3475
7446
9818
4178
37
2821
4922
9058
7634
7470
6977
5563
6671
3133
5293
4438
4990
5947
2255
6875
522
8522
3738
7278
5657
6748
5051
5157
2028
4813
813
9025
8828
2149
7641
8051
2825
7964
5980
8408
6469
9195
6303
5341
2474
7051
8747
6755
9378
8265
1179
4371
6962
596
7039
820
3051
9047
2597
7336
3047
8097
4929
9686
8462
273
1812
8776
2422
5667
5776
3604
8434
6556
2785
3138
3679
7274
5076
8768
8148
8340
9233
7535
618
7818
7764
4615
2462
7655
1027
5372
5564
1401
8627
6180
8536
9784
7597
9887
8319
3466
1491
6640
3946
3863
9550
7020
3699
9172
6246
1464
7461
5929
1201
5660
4937
9653
1551
1568
4540
313
8341
9985
8207
7901
1438
2429
6415
8857
9276
3313
8487
4494
8889
6054
3789
1130
8020
727
6749
867
6790
6484
5036
4972
7370
1113
7410
5827
4545
1331
2389
3207
9928
7407
3549
3161
387
64
8495
4563
3725
8689
9210
6380
7845
7737
8422
5356
4179
27
7973
4526
4463
9390
1101
775
7871
469
157
668
6213
3346
6192
3172
9163
4116
9841
5567
8742
2824
152
6200
160
4238
5152
8902
5308
96
3177
1351
5082
113
7580
3190
437
6060
4285
3745
4740
3344
7588
7966
9658
8497
6122
3132
4151
2556
3761
2950
8230
9529
2059
2746
5753
2552
6507
1601
4913
8102
746
9488
2671
5970
22
9320
1505
7477
7504
847
3433
3279
3488
6353
5938
2062
4167
2167
3379
2855
6542
7962
2323
5616
7685
6815
2626
3612
1574
8336
603
6512
9751
7348
8515
3655
180
1553
5971
6870
6357
5695
4630
374
3250
4235
9020
4323
5730
5890
4847
3373
6278
2319
8792
1446
4994
4973
9551
3866
4058
5599
8779
9122
5784
5484
6351
7205
2554
3614
1019
8931
1836
3044
5778
2564
6955
8732
3112
7620
8346
3707
5448
2804
8227
3517
173
3502
5780
6948
1349
8150
1320
9472
1302
8259
5939
5259
9168
7166
9478
1436
6185
3611
1902
4342
4532
7726
922
9965
2393
8919
2744
5803
3964
7816
5089
8725
342
7438
5718
1309
6132
9799
9177
624
6329
659
8643
6883
7617
9519
6983
5546
5589
6767
1765
8235
4249
2608
1691
3703
5222
6762
910
3947
8168
3781
3708
7653
6082
7449
4851
7610
5974
8159
2756
9423
4497
3598
119
80
3389
4685
4418
4428
626
6537
4442
8449
7564
4340
5493
6427
1134
461
9521
895
8104
8654
968
4135
7769
9421
150
8237
6198
2188
4271
8844
5897
5668
9830
5520
4283
5180
4829
8834
5024
3401
8326
4311
8585
3766
2046
8608
7804
5026
1909
3005
5010
1294
2154
3808
8544
900
8943
9377
4530
5611
7357
6780
5342
4454
2920
3800
7048
9446
3969
9298
8860
5018
1483
1507
5280
5663
4775
2107
4869
6911
5353
8149
9534
2205
4691
6876
7830
7379
6564
6012
5769
703
8362
2584
1928
758
84
3944
5219
8892
6066
836
7091
2104
3755
3486
7345
2742
2288
3815
4729
4137
5023
5438
1819
2267
6657
5313
5271
6778
9575
6386
7403
6574
9323
8955
6764
7093
6371
5859
6615
5760
3236
2972
8914
1413
308
5323
6475
6953
6724
9410
7828
3753
299
8413
3498
1992
6845
9654
8232
5881
1512
430
6663
3477
6754
8045
3532
4109
9005
1148
8899
4222
8044
5875
1107
360
9757
9473
1461
1858
1420
9714
804
8006
5035
4711
4412
5411
6675
8820
5953
3121
9252
9449
1893
1181
5771
4075
5049
6927
2964
8135
728
9839
4621
2360
407
5458
5359
2442
3520
8821
3097
161
3956
8799
8992
9732
8780
3416
2782
9569
3205
6844
6936
660
9236
7182
4056
8756
9125
8338
7625
9776
9462
8394
5401
4949
1114
8196
4354
8480
2215
3118
8387
1663
5613
4375
1233
5665
9497
7422
3988
6497
9160
5043
5119
4240
8179
2566
1630
6803
2678
9750
5580
1733
7368
8076
2667
5422
1530
4105
5282
9549
4611
1693
9786
2945
7119
8376
8222
5042
3858
5173
5994
4702
6168
1371
9235
7488
6407
9256
4730
3696
7546
1670
5480
5317
1132
9997
8946
6133
7429
4234
3888
240
104
4782
391
6526
7179
1901
1417
2659
5537
8761
4025
5664
4756
539
2053
5087
2237
6222
3478
4196
6680
7928
9198
7245
7331
7630
2962
1725
8412
8950
7323
2158
4636
1043
2263
7425
4728
3541
5560
1810
7195
9625
7585
4415
1065
9082
4969
7681
3783
4027
4640
8052
6444
2587
1954
8247
2155
5963
4237
7927
4132
9149
9502
8180
7436
5770
7742
5707
9938
9673
3063
8486
8549
7863
7259
3732
7798
7265
79
2122
4536
3794
3007
6321
5311
8234
4302
9148
6827
8375
4539
9865
3099
5066
1443
1279
400
6158
8110
8666
9486
4781
1660
914
8031
3685
2817
2
195
439
4122
4502
7925
1599
3556
4508
4031
4801
1777
9070
9875
1304
7202
9522
2125
3335
3767
9687
8359
5703
7914
7761
8813
6290
6471
949
8399
1501
6940
2051
8969
241
1023
5052
8739
984
3842
4605
410
2649
5960
7748
5684
3573
2783
9241
6903
8759
8705
5678
7824
9793
5400
8625
380
9081
4246
105
6045
229
2853
9347
8877
6535
6451
2631
4350
6459
5416
8328
1357
8942
3684
3390
5402
2829
575
9699
3569
2603
5054
6501
9536
383
9039
210
8900
544
3343
1783
5171
9176
2399
5676
6706
5662
9018
1308
9411
7136
6618
1820
8209
2655
2684
3983
1620
7018
1645
9465
3717
6161
2761
6412
8690
4489
8668
2728
7023
6143
8142
7307
9464
2047
1024
2182
4276
4333
3701
4219
938
9758
2065
9556
9576
3654
2114
9004
669
3315
1710
305
8401
3167
7465
8588
5289
700
4942
5943
9388
8107
9679
6291
4465
5130
2363
6146
6108
7143
3217
4404
5464
6023
4675
2910
7096
134
5566
831
2332
435
6355
1952
2978
2461
6753
4862
7011
8055
2792
4100
5962
4260
7694
2115
4398
6718
1780
7476
1224
3851
1322
6130
7226
7057
5406
6865
581
3913
4362
3750
2850
4180
8339
4429
6925
2426
8443
8069
3952
6341
7852
5796
7673
3659
1048
4549
5005
3248
6000
2595
4393
6949
756
3387
2233
9153
3216
3730
8810
8404
8921
6107
3026
4888
5526
8173
8751
6562
7981
9780
3774
484
5998
5320
7584
5854
8385
9000
4997
3259
9894
9595
319
2350
2504
9707
2937
6783
8704
6825
6600
2183
8240
3857
8538
2601
8417
6849
7603
7516
4185
8719
2416
8956
2935
1393
3647
3072
3149
4505
3227
9414
4112
2140
6674
9700
9973
919
8036
8065
7176
143
4719
3641
4263
5876
1013
112
7173
2403
2737
9594
5328
7159
8073
9872
3601
8582
5421
4397
2413
5072
8867
5399
7759
4664
9420
4522
8425
1651
4641
2465
2995
8496
8974
8607
2130
8824
6160
9977
9243
6354
546
2689
5764
7831
2692
7919
4534
101
8983
7428
3617
678
6025
6594
8217
5583
4488
1173
8638
8191
3271
7555
8324
7890
1906
5554
549
1647
3855
8101
3567
1237
5224
3472
8910
2303
7497
9557
6745
6570
286
2321
9822
5850
5553
2437
9253
509
67
7431
4651
4128
3391
4456
3816
5015
708
3778
5805
6923
7225
9267
2052
6115
1143
696
8004
4708
3786
1108
8934
8517
6774
6431
7156
913
8152
5127
1591
324
4034
9602
2050
4798
945
8917
3377
1168
1336
8940
3769
8436
2510
1146
4684
7762
8653
5906
492
1569
1811
5774
2670
3819
1588
4720
6100
5819
3651
394
5199
2730
3332
7367
4561
6801
3033
1306
4556
9705
7452
9850
850
5556
9218
7965
6492
1837
6113
9272
1534
5345
4995
9629
8437
1695
8602
232
5172
7987
4010
2331
6852
6937
6441
8918
8733
4368
3042
7142
4491
2327
3550
5360
6677
3297
6260
238
6420
976
5462
7186
7697
255
3074
9006
2936
6487
7153
1972
9530
7024
3728
1692
4681
8967
4174
1402
5443
9656
5830
1006
6172
1949
8744
5590
7773
1613
1548
7165
1227
4278
768
8966
8082
3499
920
5274
3698
4486
5017
5540
1795
5630
7822
8212
31
1156
6569
7135
1823
6173
5257
7601
3562
3386
6044
1987
5491
1225
8074
1677
9829
8478
9404
1711
9614
3291
5079
4619
933
828
8964
7420
8269
7107
9457
1111
4003
3537
9052
2310
1883
4546
1050
5884
761
527
4067
3153
4395
905
5933
8309
4334
155
1055
7807
7163
7267
4743
798
772
4032
3430
6190
3616
5853
9831
5586
8118
6592
4705
7123
2216
9084
8548
4464
5807
7144
4297
5860
3057
8025
185
4778
2080
8647
9197
8762
472
6460
1158
6493
2443
6909
4281
3605
9896
2235
3656
2161
3419
6610
3777
7220
6097
3428
1884
4153
6633
9916
8389
3726
9069
2223
1058
8492
598
6650
7628
9065
8392
40
4943
3660
4339
7443
6467
2669
83
2358
9812
4644
5028
550
6259
5530
2582
6382
9083
7073
6257
8175
7633
3111
2702
5382
4194
279
2766
2705
2682
9335
7609
6106
601
5579
9032
5294
8424
701
5849
3185
8178
2079
9133
7980
1785
7571
6439
6988
5291
1892
338
9016
2527
991
6652
1584
7843
6709
9174
7790
6273
6992
6055
1656
5505
8551
1093
5057
4712
7530
1828
9112
7056
1361
887
2093
4330
2032
4542
4156
3935
5931
2197
1003
9460
1889
9634
2700
6433
3064
4876
9745
2251
9607
6786
5053
6356
7445
4296
8320
3056
6563
8670
5572
3841
2341
1087
217
4094
2007
344
8932
2092
3189
6942
7052
1328
2735
9413
8862
637
6018
5747
7414
7566
7539
8883
3129
2085
9667
3625
3886
7898
1667
8249
1857
4752
3422
7406
9940
443
6966
1766
7122
8077
1084
395
2857
1743
7341
4960
9908
4529
6854
7064
7733
682
8674
3021
877
4272
2152
3084
258
667
6604
5882
2194
8361
3116
3030
5321
7030
695
6440
5786
576
3289
979
7118
7409
7494
4377
6732
3762
5063
4492
4009
7657
4961
3715
6796
5606
9445
7421
6435
3061
7012
7077
7691
2022
3583
1293
9290
3782
9948
9376
3810
8035
6812
6761
184
1674
5867
6984
8208
7727
1846
4376
165
8476
5245
3174
488
5693
8675
2852
4467
6751
2716
5992
3791
7177
7232
4163
6425
1564
8306
1930
2661
9756
6350
2570
6884
1497
2578
7184
5666
1993
6847
6453
6946
1437
5679
3327
2561
5720
8057
5705
1703
2637
1428
6006
7480
8584
200
5922
2538
6530
5519
7006
4825
7022
9305
9840
8121
1100
2279
5634
1786
467
4629
7074
4617
9314
7590
389
125
53
8140
4242
9870
7130
724
5093
9790
1305
3016
1575
348
3432
6543
7282
6102
75
8994
1326
2605
6960
2232
8659
1876
6230
5194
6089
840
2048
9691
1185
6784
9238
2776
4207
6140
9945
6901
1864
705
3059
2808
3869
8623
9993
5749
4582
1486
8622
2851
721
65
4328
9577
7306
2831
4616
1668
6788
7812
7447
5303
4652
9501
535
2106
2622
9544
595
4440
9430
7464
56
1327
7894
9807
6495
9419
9351
5333
4662
1562
6922
4799
5514
6301
1429
5557
7032
3965
3587
7574
9925
6256
5309
4426
1648
7268
7104
6225
7067
9165
6442
8632
962
20
816
7996
8423
3818
8226
7441
2795
8043
1285
6769
8310
3594
5452
7509
8290
6874
2070
7145
1076
2008
7857
5508
3328
1545
8286
7309
3669
6201
2711
4258
921
3349
285
7315
6421
3009
677
6165
623
7462
9864
9680
9631
8007
6670
1096
878
9668
9543
7738
6538
826
1064
6480
8520
3854
1624
8479
7380
1813
1728
3471
475
1180
8019
6028
8028
34
6697
8037
647
9748
2415
653
6887
3968
5792
4304
6930
1356
7743
5677
5176
982
3704
9881
3695
500
3689
4433
8996
2074
6109
3273
6181
2354
1147
7626
3686
5495
7053
5135
6234
5547
2529
1472
8491
2459
9128
8001
2230
6828
9214
6226
2588
284
4824
6184
588
1938
5565
6448
329
1259
7493
5952
5496
4015
8641
8593
6678
2975
171
5272
3677
7643
6502
4267
860
862
9499
8580
2405
9146
9242
8646
833
228
2976
106
3905
4700
9992
8464
2951
2970
369
2749
9141
7624
5748
4171
7911
4689
4182
765
8737
9517
7683
8989
1214
10000
7090
3491
6809
5256
8098
8680
3599
6037
1352
4858
6622
7806
7637
8466
8214
2563
3369
3052
6623
7085
4230
2031
5091
4211
2674
8594
9354
6548
9972
2464
3694
9561
6403
9788
8081
9226
4518
997
4697
7549
2110
3449
3590
8922
6598
4221
2260
2259
8561
7718
3739
1814
2947
9225
1191
4874
7837
4837
2866
2226
4134
8275
1025
3578
6288
4953
1365
5230
7276
1888
8419
1485
809
9843
1380
5483
2384
612
6293
561
3075
9730
8384
714
6850
868
6824
2185
4639
3168
303
6794
2662
4735
9924
5347
782
6649
5276
4229
2342
5454
4474
9891
707
7400
4572
9582
3788
1517
5644
3384
1917
2489
5141
4842
444
1254
8728
3131
7915
5146
511
7900
1612
7893
3811
8745
6629
2997
9231
3566
4569
8913
7963
8924
7721
5386
4732
3408
824
749
307
5924
5414
9022
2981
8455
1984
5062
3832
4599
5633
613
2208
4713
9330
343
3733
3980
8803
737
5161
264
7299
4139
5661
2835
1245
4547
9204
1012
8511
807
3230
7303
7280
6799
5120
5099
4993
3219
9102
3986
5298
9781
8147
8651
4024
50
2607
5742
7942
5858
6489
7938
4177
8143
6392
8330
2687
4392
4955
6194
1539
8805
8968
5682
577
8
1510
1411
6729
2095
6494
2539
2284
3035
8612
7231
9350
3806
5047
4921
6241
2955
5801
6080
2178
1552
457
4769
6436
5253
2468
9200
1689
639
5848
6077
2297
6085
4005
5600
5247
8489
5108
4314
9143
2253
7842
8380
7210
340
2379
716
810
4924
1739
9903
6888
4114
7263
629
4883
5301
2338
9706
2724
2520
449
3633
1589
5910
770
1676
2435
8282
4223
6667
523
4355
6509
8089
4294
6057
491
8999
6485
8390
9819
6154
9485
9873
5896
9156
3238
7668
5150
7944
8897
6032
3330
5887
3301
3835
9284
536
6084
7103
8128
9418
6730
6859
2545
3922
9295
5031
4613
52
7553
1085
2922
5832
9043
1626
2180
8008
2718
6990
5269
5821
59
1726
8322
8854
8216
8223
9966
8344
2460
7455
987
9760
7071
2336
7251
3028
7288
7362
1541
418
7138
2290
7201
8697
6891
5528
3235
4570
7378
2094
318
8356
9911
3771
9743
9093
9935
5381
8885
4718
4607
9974
688
1516
2719
2072
9179
4070
8764
1397
5535
9315
2819
5009
3568
7675
8730
3086
7567
6532
6111
5791
7212
2316
2549
9280
7229
9407
7997
43
16
6553
5951
3025
2908
673
893
1908
3320
1396
4964
7770
2592
5100
3420
7478
572
9897
907
1705
777
4659
7442
4947
8316
6805
5235
8366
333
5044
9809
3108
2256
2628
1299
1102
901
9648
6476
490
2273
5967
1275
5837
7709
1607
7316
1805
4187
6455
3459
4779
4120
7045
3621
2777
5968
7037
7544
2000
9671
8343
5395
1462
2143
5168
5351
4882
1452
1865
3280
630
6005
2049
718
2771
1231
5775
9834
1287
6063
57
7049
9363
7098
2057
2113
7946
6913
5680
6231
540
1638
4203
1557
2944
6589
6693
5377
6170
1963
947
9192
4562
5836
5958
1898
9593
8033
5957
5278
5781
4359
855
9381
3036
1503
2163
978
7917
2117
98
7389
7235
2388
9470
5581
8927
5204
8534
7155
5336
417
69
9717
8382
5559
2934
4455
1164
8398
81
8103
9826
3649
9944
9855
9009
78
8722
5073
3345
7674
8528
6994
2493
6024
3229
2994
9164
5436
6787
3034
8679
9095
7401
2919
1324
4126
4765
3232
5285
1459
5976
370
8881
1004
2269
5543
6033
6218
4589
1590
9277
7498
2980
5202
7284
215
4802
513
4507
4558
7290
9349
4217
9735
6511
7884
3867
5687
1307
6607
4084
6294
889
9967
4479
9555
1490
8894
7819
2645
7003
1448
9059
1232
2691
4071
7527
1223
9147
260
8274
183
8099
5946
7705
8736
1740
8598
6465
1741
9310
2616
1699
6365
8064
2175
638
2487
1825
5095
1829
7361
4403
3744
2518
5270
3972
3405
7771
681
6281
8231
2577
7207
9693
1803
1556
8600
4891
3117
5948
3481
9348
6245
3004
5307
2763
4468
1468
9319
6318
2765
8106
9250
7365
261
7333
6731
9921
6216
6666
9902
6331
7369
9663
4305
8014
3155
8783
4020
6390
386
7433
680
611
5708
788
8053
422
8000
6405
4928
6027
3805
8060
5877
8795
7078
2227
3990
3741
90
5482
3884
2921
4107
8378
8616
7713
6478
2042
1400
8845
2136
5544
6008
9738
6449
5650
9180
2124
3158
1481
9852
8592
7000
2003
2862
4402
7161
8720
3456
9624
2009
7969
6187
7921
9185
1447
7848
4770
7913
1816
9270
4448
4169
8706
841
4776
5210
2170
9547
4551
4394
8839
3609
4038
5137
4121
3195
4823
1318
5855
9723
5895
1848
9152
2362
6806
9178
6208
5251
5883
8009
7437
3646
8085
7140
6813
7010
8086
4519
7109
7572
1611
8766
6660
4590
2560
2249
3597
9382
5582
2081
5638
4793
8499
5574
7339
8165
8884
6116
8407
3468
5694
3864
3501
4291
6510
9144
5424
5759
7084
353
8565
7279
131
9392
2959
8139
7707
2359
9326
4353
6906
7275
6566
7744
3939
8506
6991
1081
6614
5022
5932
7984
7992
973
10
3559
2019
2018
7041
805
7128
3639
5266
8826
3607
7482
996
6894
4648
6723
5037
7577
3421
7456
7838
1118
2299
1495
3505
6987
3827
9221
1051
6381
8947
3772
1632
7042
2721
1128
7320
7526
4838
9527
4239
6713
2745
6645
8415
8748
8116
8444
631
1301
2833
4789
1126
1041
1974
8337
1399
2971
5915
1745
2441
6326
2620
3098
2521
2214
6715
7525
3890
7706
6464
4609
2396
3150
986
3977
9092
8579
3930
5370
2844
4603
555
5254
1604
4817
3078
136
8870
8542
8459
6068
2589
1248
4168
3411
5782
6583
2073
866
3958
4855
873
8555
5788
8481
5732
7805
9744
1253
6253
2779
1031
8975
1910
2654
5531
5552
5083
2187
3263
6319
5447
3467
1184
9509
3682
1990
6334
634
2179
1925
7645
4458
1919
7897
341
6613
7850
2948
977
6959
5125
2990
3287
1112
6567
9798
5620
7682
7304
9660
7565
3577
1348
8852
8710
7517
1364
5892
471
9647
861
33
6286
6516
7292
2982
1666
3957
4573
8206
2086
9564
6628
9468
3275
6820
3743
3101
4726
2133
403
6062
7248
6672
453
7372
5185
373
5355
6395
4983
7390
1125
5936
7933
2828
3448
8225
6285
6323
5757
9360
9237
6258
8039
4181
6391
9685
7662
5365
88
2160
3096
3628
1312
2590
5736
7959
3812
1175
2643
3022
650
5237
9287
4327
7139
188
3474
3090
9244
5961
3924
6074
8432
1762
7985
8205
4578
9424
9074
1042
6897
51
8660
6970
8500
2759
9301
6662
5006
6175
6632
6438
3934
6785
6076
9526
5478
4923
9905
372
3306
1550
2683
9269
3856
6520
358
4141
2308
9816
8545
2173
4687
2075
9504
4251
175
7463
5874
972
8254
7557
5442
2503
8475
5518
8855
3859
3693
789
1121
3136
4059
8597
2784
6385
6073
2089
441
9266
7300
5312
3166
6699
6690
1715
7439
5593
8335
3916
5507
2324
222
2869
8688
214
6299
9307
9053
3256
9832
5804
5430
1267
8199
9597
331
7432
6734
7354
212
5288
7015
599
6267
8790
3902
8218
2390
424
2482
8456
1122
1871
9747
8386
8184
563
1188
2373
4665
7943
2090
9587
690
9019
6673
5441
802
3080
8986
8066
4661
3629
5218
2543
320
6332
6061
6929
8879
6800
8224
32
5241
6002
2979
2973
2812
4022
7503
8915
924
7395
7932
9345
9763
1729
2156
9661
9682
4349
178
3821
9728
3589
1178
8276
9712
9136
2939
5914
8896
5208
8284
8583
1532
5136
4347
3565
4890
3244
4758
9343
9676
6912
2231
552
2602
5966
3548
2069
4885
9433
3878
8400
2439
7234
2398
8984
3285
776
8944
9828
2044
4469
7892
1830
7768
1390
3540
2860
675
1637
4319
5140
9516
7991
6621
8283
2189
296
8034
615
2699
2479
4274
1565
2343
1968
1870
8193
6013
4620
953
1314
3175
7046
364
4081
4565
1480
8278
9675
6626
9171
7154
6736
7904
6862
9604
2579
5762
5279
11
6585
4062
8978
4963
8601
1690
888
3756
5539
1202
5078
2943
4686
7219
560
9553
5977
4954
4413
5142
6125
142
6369
5670
8273
2139
7529
9645
7763
9710
9846
6976
4694
4061
5648
8559
1681
5816
4926
6797
6176
827
190
9409
1165
3618
4819
77
4192
1439
6197
3759
5153
6183
9886
2573
565
1934
1154
6090
4887
25
1986
4042
9986
9337
9367
1753
1083
2755
7094
7458
1793
4051
8047
7638
6296
110
854
9995
9666
2878
5690
1463
1474
6034
7191
404
3076
1422
1171
8701
6733
6039
2326
1421
6330
6954
9726
9599
2037
7547
4357
272
8574
7025
5622
2633
4550
2524
2285
6376
5149
8645
8767
2890
4044
7874
8117
8026
227
2861
6634
300
6791
3552
8123
542
2709
4772
9510
416
6103
2478
4979
1797
2807
2598
822
8718
9766
7736
3157
7616
7654
4406
5773
3446
2657
6078
4095
8302
4564
5451
5706
1010
9910
4917
7779
7321
9132
9162
6701
5117
8129
7931
6171
7552
8062
2272
5460
3731
620
2788
9316
9919
7780
8430
8426
8355
9927
3425
3921
4344
2863
1149
7545
935
4760
4966
4634
7399
4638
6473
5941
7302
3224
4123
4386
8446
468
693
5863
704
3560
7688
7106
8294
221
6322
5151
5283
6705
3542
7862
830
3657
8186
2535
8656
8271
5316
4317
7982
1029
1665
8635
9036
2484
9552
9987
7786
9454
7532
2984
3183
2547
5629
6189
3137
9611
4667
4845
4780
8281
3070
7058
199
6042
6864
1719
7237
8183
355
7876
1538
6081
9588
1135
440
9021
114
7669
5264
811
8144
4495
1080
4904
8937
8305
1940
2907
7923
5398
7228
4742
7157
3632
18
3342
8678
3370
3202
3898
1850
8360
9848
5306
8806
9085
8177
4623
7131
1366
7656
4478
6071
6163
6579
1537
6019
5846
1416
1506
9943
8945
2202
1943
8126
2105
4846
2741
7487
1141
8838
6993
6646
8550
3299
3997
4600
5367
9782
9994
4257
4331
2927
1406
7512
7127
1779
2826
3368
4074
6036
4588
2618
4148
2656
524
5327
4936
5555
2293
1625
9796
7208
7817
4490
8586
2058
812
21
9166
4595
5840
1163
2811
9050
1717
2968
1956
5000
6367
6728
4498
91
2762
301
9861
9583
4903
99
7337
8333
5350
6041
4826
172
7570
7377
478
6655
739
7021
2606
283
201
2663
8241
4695
275
4645
6558
5907
398
4873
3675
5129
5196
107
5449
2814
1942
5366
3879
9623
4970
4432
7618
9868
9239
4501
9405
7404
9240
7632
7978
8962
8239
8457
9425
5605
17
4087
2203
2365
1466
8169
7937
9395
9324
8303
5012
3515
425
6985
450
345
2614
7814
1700
3406
4036
8692
9603
4568
2551
6639
2147
5745
4158
3331
4001
6944
6676
7199
3418
902
4048
3608
998
8383
3638
7060
8529
6893
6877
9318
8195
2559
2562
5905
2904
2447
8789
7793
4409
8245
7754
957
9380
6795
1372
5746
5811
1235
408
4815
1240
9694
8825
8293
9573
8649
1868
9810
7115
1363
1822
269
5252
7560
5216
1800
4117
6576
1379
2078
5229
5596
7658
9632
5814
6065
4076
5045
2380
3469
6807
2586
9140
8307
6587
4548
7924
6235
649
9733
2372
4460
7885
9139
6519
6692
808
4318
8562
8777
5800
9105
1329
4008
6900
7146
9475
5797
4594
3427
6630
1933
6596
4201
7722
2952
743
9008
1030
1337
1343
5388
837
3719
8474
5979
3120
3431
1688
1994
9268
7622
2355
4054
7132
2827
1451
5453
4655
4381
1518
2750
1577
3293
9169
3147
7434
5474
7459
3512
1734
5039
671
1701
4875
8859
5945
3365
2796
8816
9398
510
6518
9591
8591
3103
9959
5498
6375
7865
5227
442
8916
5909
8685
8266
5761
9939
6904
235
4520
1424
1627
3507
4900
6266
6972
9754
890
9765
4202
9232
9585
9283
5226
3258
7486
2797
6137
5879
1854
7319
63
8801
9066
1886
1339
315
7069
9797
8357
4762
7699
9222
8640
8329
4618
6096
4784
2901
9369
6289
2999
3290
2056
8547
351
3179
9191
9249
3423
4967
9033
9802
1962
177
7971
6557
1097
1311
2635
2707
6822
864
5113
7598
1578
7899
8406
8510
5048
614
8556
3574
8280
9383
7262
8949
8970
8644
1844
311
9511
7667
7729
3861
8703
3364
7065
8912
493
3718
6969
7853
658
9633
8540
7485
8201
4753
7192
8815
4315
590
1109
1522
1633
7373
9581
1694
4909
4338
6896
5466
54
3652
2257
1735
3591
3758
2289
2043
6559
9440
3380
9403
9616
7745
7868
9111
9562
8621
1536
1702
1106
2731
8153
9778
7777
7033
3241
8853
7661
6069
8958
225
9251
8079
5525
7244
745
9815
1199
268
9096
7956
8188
6661
2891
9439
5954
2024
4974
2508
4424
8381
2317
2391
9931
9007
3681
9150
9988
8277
9098
7836
5900
4253
3942
6490
5542
3665
1410
5262
9926
92
3752
2177
349
3311
5016
2339
3437
8819
1194
1885
1435
6346
4859
4275
7092
7939
9040
339
1960
451
7619
717
2727
8210
4496
6304
4902
5646
7257
7647
120
6383
4698
5548
6017
9806
3803
4643
5716
2957
9184
6545
5768
2377
213
5602
3845
2191
9461
41
4451
9934
2686
9867
6147
4925
1629
730
1434
295
7908
8024
465
3218
9366
6348
9615
8663
5419
4259
9915
5349
8840
4586
5681
49
602
4245
9228
9952
74
558
6009
2593
7916
3581
9600
6499
2876
6372
5856
3222
9775
2954
251
9029
2034
1594
4679
9296
6577
684
4795
3307
9079
1354
3424
448
9091
5587
4733
2446
1124
8846
9099
209
959
7755
5118
2444
4287
7371
7664
4511
4796
3060
2172
7866
7720
1945
2647
259
2708
7489
6505
322
95
8160
9635
3300
5296
4282
6261
7189
2368
4216
207
1103
9325
9950
3462
9821
1610
1289
30
8182
1395
8345
9001
7087
4612
2248
8327
1432
8753
6919
1759
4316
3254
3
4714
5389
1288
5688
7542
619
886
4597
1650
7266
6759
2949
5431
202
9317
4908
7358
8063
6658
5772
8311
2061
1211
154
6881
7222
3955
6091
9441
6026
4293
501
3979
5068
6483
7522
2892
8570
7448
7879
849
6314
573
1616
6126
4385
8537
9334
6238
7285
5624
5162
8365
8539
4360
2872
2818
5923
1167
6276
1980
108
45
6011
6378
9385
4098
3829
4309
6088
3039
5490
8610
6387
4405
9265
5183
8228
8157
6714
3350
7704
494
5529
4088
3326
992
6939
9539
7747
2169
147
9978
1268
326
5536
8105
3324
1781
3453
7329
4232
4146
5741
7289
9429
934
6038
7698
2502
3434
459
7941
3264
7854
2471
1778
3912
263
7561
2222
4030
2456
7418
7029
3357
723
6514
1603
6986
915
664
9655
4872
1319
7955
3304
445
2025
1860
4485
8428
3340
4407
3915
842
800
3949
7473
9984
144
2768
8735
7808
325
4172
1654
917
1032
1640
2794
8988
9120
6551
4768
7766
9412
2470
551
8532
7953
1008
9789
1680
159
1841
6098
9476
7181
6003
2150
3122
580
6195
9598
7799
7631
6653
3180
8347
7826
5032
5144
9452
779
9188
7264
5260
1476
1034
6654
1936
1540
3442
8473
6056
4930
276
2986
2740
9545
6343
2270
3372
9157
3796
9115
8628
4103
1196
9487
2300
5733
1362
625
1774
2204
7835
7765
1187
485
169
8151
9338
6539
1696
2174
245
1602
2397
4919
1756
2485
587
3883
1138
5231
1330
1325
6710
3020
1475
5865
5558
480
3272
7467
1500
8516
9215
2458
1139
4284
7204
817
4016
1028
7394
5340
4553
5911
1535
1453
6641
9448
9373
5675
4703
6358
8192
5820
578
1039
9182
9353
3261
3836
3012
5641
3353
936
6935
1161
5808
1333
4787
1442
6648
9909
163
8700
5435
4140
6781
9134
1682
1787
2378
6361
9038
5592
6642
8410
1206
8973
7811
8308
4537
8416
1160
2408
8572
9117
4680
242
7781
1230
6703
2438
9469
1643
9142
5101
6029
2909
9795
2361
606
7974
965
1265
3199
6997
963
3503
6104
7150
337
8040
9541
7349
44
3046
2525
6043
7881
3615
4173
9328
5512
6247
7784
8731
116
5844
981
2036
9372
35
3626
8864
9417
7708
5281
8133
2412
845
3893
2457
3919
1767
2599
7589
82
3114
141
4110
6943
806
661
9546
3460
1771
3799
9181
2347
4166
9742
2790
2165
3048
4006
2137
3928
5090
7829
314
2186
9805
8202
402
9261
231
1061
4965
7672
8953
6277
4476
1152
9518
6177
7650
4183
2815
9494
3409
4861
3797
5794
6586
4577
1479
8058
1186
9980
1514
1979
3438
282
8778
8093
257
1508
4037
9400
5988
8433
6572
9749
9542
3875
5468
1576
124
7702
5920
1635
2540
801
9947
6422
8220
9371
7328
4452
571
8630
3662
6561
3817
3536
7615
1040
9386
8673
6021
9866
4751
7723
1840
4683
3083
293
8933
2364
6702
4827
1426
8573
128
6839
3514
219
194
5440
7676
5029
5595
6879
9907
6315
7832
2575
3634
3531
9681
6263
6540
8353
4911
290
6928
4946
7856
191
3415
7301
8847
7360
3192
3894
6
6863
4797
5330
7419
3013
4214
9248
9674
6363
8726
6414
4270
4657
2162
350
3775
8477
1250
2469
9054
1628
4870
966
2369
2087
36
2884
7215
5621
4984
5754
2357
5541
8439
5655
8713
7840
9167
6075
4898
6506
1769
2609
4688
7646
366
2077
8935
2898
4306
3429
1388
2953
4956
5516
1321
846
3308
3889
5916
3570
9737
6808
8658
1519
1890
6151
5075
6083
375
6528
9273
1190
135
8012
5077
7986
3178
5959
6342
8403
9479
1425
4125
9331
3196
5139
4189
5326
361
9877
7543
5584
192
298
4080
4741
3830
8541
4430
8190
8429
8782
9396
1861
9912
7160
3169
8288
1738
1169
7821
2988
7013
9761
9592
8368
8587
9605
8686
5444
8724
9297
1005
7903
7905
1228
3564
4162
5450
1558
6121
176
1977
597
390
7187
5511
9336
5207
643
8804
8465
5956
8878
6300
1001
5822
4804
1597
359
3871
4792
648
9107
3522
9227
3508
5737
5521
4828
3976
9275
7089
6971
4289
7728
635
8056
9087
9364
1120
6486
4896
628
8453
1851
7579
8113
9883
7990
9996
8662
2013
1355
6072
7167
5729
4154
8155
3720
1528
9063
5369
6423
473
7922
5134
6320
5656
8758
3896
117
8243
7334
9471
1592
4264
1467
7381
731
9089
8301
3742
6233
7687
9998
281
7311
2218
8533
1189
2966
1881
3586
2558
1580
1014
8484
7592
9187
5813
971
2775
4939
4509
277
9285
239
9929
6269
8463
6016
5445
252
657
1445
1197
3269
983
2495
1059
2507
2371
19
363
1280
2151
898
8505
8467
4920
6871
4089
4053
254
4093
950
2302
5889
1900
4754
694
9044
621
174
6377
5003
2747
2646
7869
4739
4379
2409
568
9451
6608
5415
7776
145
1392
26
2097
4127
7291
4749
9101
1044
130
537
6996
7027
8313
1204
6644
3374
9983
5403
7295
8363
2886
3274
3963
5685
3356
5255
541
7502
9969
4292
7088
1502
5642
9800
1605
6131
3317
8765
863
7948
5671
8048
4208
1760
9051
2931
5221
8427
4791
3709
1056
3053
7068
6819
5617
1683
4301
3966
3399
2870
5591
4763
9258
182
1341
1484
8512
1997
3146
1596
3642
3891
6223
702
764
2142
6833
6360
1838
7520
5368
4839
9955
7152
2638
6374
9263
6957
4852
9570
1951
8503
3215
3971
9002
3735
8929
2567
8349
8070
2406
2430
5964
2840
1714
9803
5898
8246
1036
8298
9245
332
6817
6399
7606
9610
8648
1398
495
4809
5894
7218
7475
2196
6636
6517
2477
5845
9514
2688
2515
2021
4721
4176
3451
60
8114
1226
2295
8469
1433
5601
6843
9876
3383
2190
7194
6880
3545
2345
3082
9286
7363
3485
4889
1784
6402
1257
1572
14
9161
6857
9482
6413
8287
330
6591
8798
5469
6270
829
9702
4186
6823
844
9853
4517
7330
4971
4113
6750
2119
787
9306
2475
3623
944
2849
6956
3062
3907
8323
5335
3974
9946
4199
2917
883
7171
4692
5334
4124
3220
1845
5019
5986
3338
186
7190
9299
5789
7386
8504
5105
9304
7988
3198
4940
7254
9620
1600
4277
8391
9755
1334
1724
8665
6251
9483
2916
267
1639
5728
1377
6207
1384
3572
4666
4423
7563
5211
4352
8749
8911
771
7151
149
2880
3490
371
6737
4527
5114
4445
9211
520
7424
7255
5133
249
5785
8233
3798
4265
7314
9302
5310
2127
8865
3032
6188
4145
6394
3822
9698
4500
2571
5384
3348
1323
1839
5217
8613
62
4046
8802
3937
732
8743
5102
2096
6515
3148
9697
7537
5751
7193
9456
8002
6668
1272
3748
7731
8971
7114
2685
2610
8848
4382
8261
5793
166
1742
5489
4832
4401
6999
8523
4646
4764
5240
5598
9608
6695
6064
2436
6114
7591
7396
3579
2537
2751
1205
1493
8418
4212
754
3240
94
2511
8560
1821
8609
5594
4039
3392
4833
1546
2856
6527
7696
4642
8072
8619
8546
9443
6846
1875
8318
4155
7070
687
7134
3292
7934
691
483
8109
1754
415
1712
482
5299
7809
2803
462
6166
9213
1373
8494
8636
8589
532
1808
2001
995
4959
8980
2963
8856
8661
7519
2209
7216
4078
6150
5825
9659
7595
3283
5487
9838
8374
5597
7533
9704
7578
1095
2715
7746
3582
4650
4303
7293
9309
6768
5200
4624
6524
481
5186
3895
6717
5935
1988
9642
5193
1617
750
489
5636
4745
3932
9533
5921
6617
9356
1035
7659
909
1499
7772
1947
196
5014
151
4853
6821
633
9628
8741
3113
4906
3093
4439
5418
4938
5143
9689
6232
3610
5985
3079
4707
2969
3849
7101
1989
4012
2585
4441
1852
7125
1313
7116
8029
8831
354
641
6792
8075
8348
9554
2612
9282
5434
7789
4224
5473
1177
3943
3839
8507
7270
5790
3452
8488
455
1801
6430
7026
1891
4236
6899
9548
3985
3823
686
5527
823
3850
3173
3713
6584
5358
1903
3518
783
1559
2650
4106
9753
1166
5551
8435
9481
6631
2993
431
562
6513
3294
1243
3953
3312
8624
1297
9010
4436
1070
6279
2989
9260
2713
2335
2887
1926
5425
9015
1684
8027
8694
5972
3787
4231
4228
1752
9444
6196
6830
2764
5545
9127
2816
9963
7858
1658
7332
632
7800
3716
243
427
1533
662
9110
6389
3464
1827
3410
6968
8088
9643
9064
5046
5873
604
5302
3760
1142
507
8876
8440
2652
5156
7356
4164
4927
8672
5724
3251
4204
1172
5917
8954
8158
1730
3318
553
2992
9899
2301
880
2843
2841
8760
158
8364
103
9644
8977
6049
6834
3100
5248
1360
9329
1967
6521
2207
8388
7241
8750
1761
421
5297
6182
2697
4528
9500
4252
3910
1722
530
7294
4574
5374
7453
8642
146
676
879
1982
5618
7875
6411
6869
6829
7787
9773
9677
2243
1672
3310
6141
4506
2574
6616
9370
7158
8671
6933
9340
5056
726
7841
2513
8832
9662
7343
2410
1215
8596
39
9216
6656
5523
1782
3233
838
1571
6739
5738
7867
7454
4935
288
2245
6719
4748
1587
4668
2206
3095
6947
2334
2381
956
3188
7627
5110
814
8296
2823
5717
2925
476
132
9715
8441
9719
4188
9399
3015
9990
5926
8788
3483
8634
2451
7350
6836
796
884
7506
4343
1389
4365
8295
7035
6120
517
6156
3164
1
9045
6237
8957
7815
2213
8454
397
3208
610
881
5058
8908
6700
773
4254
3764
1151
3825
8084
2859
8373
4800
3940
2617
9
4985
5532
5164
4310
9402
7120
2882
2621
6533
3721
3668
4092
4841
3978
582
7141
1527
4794
4205
3630
6855
843
7036
2238
2145
5290
5205
9129
1316
4515
1770
1869
5918
7551
4884
2135
6302
1776
5795
2676
4262
7353
8136
3041
5179
646
3426
9920
9362
1488
7340
7252
4142
1932
6268
7019
5021
1150
7792
9942
7287
7958
1880
7338
666
4021
3298
5568
5432
1924
4190
3702
5501
7895
2157
1115
7976
5779
4948
5744
8936
438
3371
3141
753
3984
8351
7983
3006
2480
7383
3746
9837
3595
1878
9932
2894
2234
5238
1736
2961
8781
3027
1918
4400
7797
9508
1011
5607
9964
5070
5433
747
1921
335
5002
3045
4514
4521
1369
381
766
8793
7417
8771
5578
7198
1117
3226
1346
4975
9108
8315
2634
6885
365
8925
7281
1072
8304
2941
8738
4149
6950
6370
1671
3454
3115
5305
6804
4033
7558
73
918
8868
5138
3749
4029
1631
3663
3737
7269
8898
5975
1657
5396
1016
4026
6152
8794
2370
5739
4356
1950
9175
2940
6338
636
9792
2038
4101
2923
1127
8869
3252
6481
2146
4165
8571
5799
4391
7038
9073
289
3400
1277
9498
3936
1732
2526
5020
4980
9824
7611
722
6242
2729
8146
1542
8614
926
942
9190
1457
7740
1976
3860
9688
5831
4073
211
3636
8414
7086
5362
7110
6560
8236
7126
1907
1066
5504
3066
9724
1561
7689
564
2932
9833
1609
7416
1067
9823
4457
1842
6105
7240
8880
4157
5472
2258
5463
4200
5475
6975
1386
1090
4150
6215
1489
5993
9878
312
2281
8772
3231
3551
4525
2395
3929
1981
5080
9584
4580
6117
6568
3011
4633
7607
508
3676
3680
4854
1062
2291
876
6789
4138
545
12
7783
8615
4866
278
5426
1937
5331
4671
7613
2942
9193
392
5004
5476
760
1831
3585
7466
2376
4408
3624
7902
4649
5893
6508
2351
9563
4868
1219
6328
3333
7347
4420
8604
3534
7258
46
9426
7878
2774
2012
3284
8811
3941
8637
3193
1867
2229
376
8752
2472
2965
6308
2454
8531
1995
9890
7113
4295
4459
5645
993
2126
9893
990
4976
1955
4461
1798
8411
1159
6926
1618
3705
6686
948
3722
7730
2712
3648
1469
7097
748
5337
1242
3901
6915
2888
4978
8141
4962
3145
4299
1544
514
2781
9630
2220
1063
7055
5990
1383
4431
8721
9037
9416
4410
9734
502
3831
6689
1385
2665
9438
1409
6595
2320
5203
5697
5197
1652
1939
2192
3885
3397
6283
7594
5375
4443
6128
4810
4414
6417
5492
725
9774
2111
9086
2918
7398
7834
8997
4097
5456
111
4118
2553
6393
9813
7175
6325
8251
679
1874
1737
1207
5055
3998
3828
5513
265
8115
698
642
6814
709
8095
7312
8490
86
7614
4082
8054
784
9953
3367
3989
1170
4210
6040
2266
1641
7148
8938
9031
9026
1673
4524
3435
6250
6379
6031
9960
7342
5835
6498
3804
2352
4337
503
1295
3793
9279
5901
1317
8167
9640
5378
786
1018
3347
8664
5864
3511
8445
4369
1162
2845
9621
4007
5756
7059
5631
5318
1806
6145
280
8796
7576
1249
3018
2770
8080
2241
8822
6765
3553
9303
87
5030
1347
2933
3700
4894
5008
6878
2641
4704
4968
2392
9300
2550
3375
9080
7644
3484
1835
2210
1965
3544
5236
233
4878
5343
586
5758
5812
4000
7317
2680
474
1405
4654
4836
2977
3458
7839
5145
7686
7507
9365
5550
1045
9683
1218
1086
1744
2386
1966
3444
1350
156
6142
1408
2690
6434
5937
7298
1581
6552
7648
6309
2753
1454
7961
1278
9975
8279
6603
5038
2658
874
3543
4437
3094
3846
4453
952
4678
6500
4998
4581
9294
8904
9491
5829
7211
2548
2542
4738
7833
4335
8979
1298
7820
4378
3945
6228
9670
9649
1824
793
8219
4313
5912
7909
6967
7573
2642
4383
2580
9982
4133
7510
1078
6766
3492
3209
1678
3683
3358
6504
2445
1353
4632
1260
3412
8163
5965
3557
3809
9259
7716
6159
8108
9103
2453
1271
1131
6682
8071
8170
3295
3089
9118
3918
3535
2496
274
9387
2455
1686
3107
4300
2879
5408
2895
2039
5852
6529
1387
2930
8787
3403
6046
9951
367
2960
865
4483
4013
4559
4843
4734
7757
654
3049
1709
2060
9638
1570
1104
8617
2791
9565
8502
734
6456
470
5978
3687
1826
6249
5571
1833
4552
9090
4567
6837
5065
9375
640
9333
2035
3463
7887
1763
1251
8067
5
6771
2698
8003
7695
9078
2491
3688
2813
665
2100
3576
5250
9186
6110
6503
8807
1192
821
1133
7213
9862
7005
6298
9783
4055
7188
5011
9435
9637
4863
5841
8564
7040
6685
5815
1069
3184
6384
7794
9851
9523
5984
3277
167
2277
2924
7889
1718
9389
1210
3010
869
7665
9246
4209
3055
5871
1802
181
3050
534
6902
7719
498
8972
7247
8244
9560
4848
928
8581
4931
9721
1183
8890
3504
5809
3887
3801
7178
3658
2704
9718
832
1368
2854
126
9137
7283
7703
9477
2168
8200
2419
3000
1608
7725
4814
247
2033
9158
5107
4663
3779
7384
1052
5041
8461
5163
1707
3104
6848
1075
216
3571
7521
8162
1935
5524
7236
8350
1511
1619
8111
7224
570
2198
6206
5392
9524
2450
607
7531
433
1073
8448
5722
2414
66
6523
352
7671
2897
2283
3606
4321
7397
5673
5228
7271
9455
4481
2244
446
3914
198
9060
5201
6418
3555
2726
3773
8568
5623
5577
1009
4108
7043
2896
4446
4865
2002
6162
9515
882
9578
5735
4206
7717
2536
3212
3987
8132
3904
3388
4560
3087
2534
3524
9572
1263
287
9976
8050
4060
4614
230
1504
8509
4115
7326
3394
7230
7061
429
4191
1983
1970
5206
2159
3981
2481
8442
2016
7408
1176
2501
969
9230
1622
9596
3635
6840
2348
9759
5713
292
6419
1721
2938
891
4329
3182
7249
8650
4785
7009
7457
2842
3951
2211
543
6462
2512
3575
304
7108
1441
5394
1015
8508
5843
6463
5824
432
2639
1899
2029
519
5755
5116
8990
5412
3500
9571
3302
3276
9321
133
5927
2623
9352
906
5258
8657
3242
6758
8372
2748
9968
2236
4575
271
2569
506
6205
5352
627
6388
3917
5182
5486
5944
5092
3962
85
8482
8521
5658
5866
5766
6744
9212
220
6086
9427
6408
8215
1419
6694
5839
937
795
7327
8851
2099
3513
3982
3674
6726
8369
5987
1332
851
377
8982
856
7484
9930
9914
3322
6835
2983
8976
5847
3723
3239
1046
4918
2023
4672
4220
1749
1560
5188
1971
6210
9202
672
1791
3506
1256
5111
9957
557
6406
9067
1370
2902
5160
454
5050
1276
3445
5001
1944
5719
9559
9209
5154
3385
4280
2264
3382
9254
3992
6741
6931
967
1221
270
531
7660
2666
7760
4247
1303
2252
3870
8620
554
8402
556
7472
205
4064
4690
2799
3214
4805
569
2837
4434
7501
2068
4834
7548
1153
223
7791
9535
769
7629
9028
2131
8948
6684
1913
3337
2701
8011
3402
4444
4449
9937
7352
382
7795
5880
3757
1991
7640
4626
3620
7147
1772
102
2905
5643
3948
7172
4933
3126
6541
38
834
5409
9061
4085
5499
6193
2836
7260
1255
5991
1054
6461
8708
8468
8451
1053
6638
109
3710
1727
931
7972
7102
7581
7741
3088
1105
2929
8493
5061
7906
8667
9023
7335
8998
3999
853
9489
5242
2219
6691
9458
3872
7896
4895
8812
4419
7994
9626
5371
3071
6339
93
137
2306
8229
2201
2625
1959
3170
8256
9344
8452
7711
3221
7593
9342
5637
9892
6550
4119
5314
4215
3139
9808
2946
8267
5427
4576
3441
3339
2725
396
2286
9274
6681
4
7200
1582
946
7111
9589
3054
7083
2974
6035
1843
6138
5286
3355
6722
815
7678
9913
512
1621
6725
356
4571
5857
2565
1895
4389
452
7693
7968
9835
8083
3882
8022
4018
1217
8264
5562
7801
9208
297
1026
6244
6340
9453
3558
3023
2333
5423
9436
8258
47
6601
1498
4715
8127
9567
7014
5364
6698
1521
7569
5292
7950
8901
2787
3995
4096
5059
6124
3927
4035
940
8923
1038
8242
2596
7796
1195
8526
4011
1961
6743
7684
9729
8695
6087
6619
1586
1021
8861
518
3281
6777
1847
413
7604
2889
8289
6284
4175
8257
1144
6112
1792
4584
8682
2967
1923
6229
1598
399
1698
4907
7239
2581
3351
