380
547
43
783
83
666
824
987
55
540
935
627
559
651
878
474
490
876
579
296
192
635
614
582
406
748
621
644
700
910
903
225
899
732
124
460
392
564
722
625
427
761
956
401
685
736
696
898
756
709
153
210
163
929
552
240
712
443
27
357
768
428
906
691
797
882
129
458
154
893
660
300
228
628
844
551
846
435
414
672
48
288
10
993
671
28
394
244
92
387
85
205
498
658
360
673
708
802
979
684
913
850
750
968
867
679
598
943
264
856
110
109
283
123
372
588
791
896
959
939
337
916
196
432
309
888
995
279
464
743
183
613
518
740
261
517
567
347
526
14
87
822
332
213
128
495
182
632
297
439
260
758
735
991
985
586
492
446
489
3
496
421
333
440
78
77
973
525
384
454
16
268
450
926
862
45
340
754
17
530
293
892
102
206
79
683
727
117
346
620
721
89
416
241
38
29
511
719
601
469
366
100
164
988
486
514
418
99
974
97
944
566
343
239
507
766
308
521
918
361
21
376
208
441
690
570
444
558
900
98
116
451
648
938
573
368
184
642
278
531
33
341
95
527
358
803
209
405
842
52
849
686
718
277
176
352
127
990
258
665
714
513
911
467
884
817
930
75
237
774
815
373
637
386
214
5
168
670
140
891
158
611
353
840
459
772
594
335
324
870
646
145
863
147
370
591
143
553
137
847
596
257
175
115
702
529
86
319
80
35
592
470
661
455
656
600
733
789
810
841
516
219
662
11
544
178
281
629
472
30
999
643
726
616
885
828
528
245
751
476
1000
391
389
599
263
519
524
34
522
864
502
430
20
962
425
349
112
452
305
377
607
508
652
550
362
431
682
663
915
724
65
852
262
488
618
328
949
853
224
157
284
247
830
814
623
118
779
520
130
473
701
106
287
804
331
172
880
325
583
445
813
576
356
307
676
605
695
720
767
590
180
195
746
752
560
792
93
267
37
251
354
40
382
997
47
860
951
397
563
977
174
453
940
689
537
135
170
200
54
894
902
483
248
904
796
914
580
667
230
484
820
323
226
749
218
826
50
812
374
292
619
963
503
889
302
765
126
410
342
74
25
965
4
946
320
775
250
655
487
139
773
964
827
330
793
505
549
269
836
191
713
795
355
73
742
141
787
788
908
539
76
497
101
204
624
379
211
730
755
534
504
901
291
982
771
703
189
681
146
675
947
992
194
42
463
423
622
942
928
465
31
872
60
874
53
265
747
873
633
593
185
144
417
937
924
438
811
617
731
819
369
462
242
456
181
442
711
253
890
729
602
71
82
24
687
259
215
113
334
62
15
780
757
659
272
294
801
447
523
51
367
404
557
436
716
807
678
975
197
395
541
280
778
854
832
983
597
693
710
697
848
545
229
133
385
399
639
171
303
650
317
821
835
843
165
121
313
941
493
972
653
763
26
298
981
478
950
917
485
378
114
869
316
72
851
509
243
88
739
32
879
838
669
996
699
151
785
823
7
67
886
877
798
762
861
408
81
148
481
738
275
934
9
327
383
13
409
231
606
160
375
777
561
365
952
925
179
630
56
310
234
909
764
468
44
304
603
966
12
348
120
967
515
84
390
912
59
212
480
131
233
136
855
252
138
150
415
677
246
806
953
254
419
315
221
998
875
506
381
887
753
94
290
989
8
574
631
954
202
149
398
548
955
289
232
723
919
705
543
105
834
501
271
868
479
554
510
420
538
188
345
96
161
217
745
201
638
364
920
477
286
6
546
111
839
907
449
571
266
641
770
786
338
978
776
871
222
413
634
816
207
57
429
336
388
69
350
159
299
499
344
63
227
615
794
931
587
858
494
715
932
805
808
568
680
64
311
897
282
945
422
542
800
604
177
857
295
424
790
18
461
572
132
187
818
970
936
581
921
895
466
668
273
426
220
371
162
986
322
321
698
584
657
400
741
249
728
152
437
706
649
351
565
707
122
274
326
134
781
532
256
555
960
837
301
833
933
927
969
744
578
314
688
23
329
471
482
91
760
238
166
41
905
285
173
533
235
403
674
865
339
433
976
961
39
223
270
984
58
412
142
562
363
186
396
612
640
156
236
36
831
577
994
61
809
825
434
402
1
759
457
169
500
411
512
255
845
193
448
167
957
609
769
475
717
104
980
664
881
922
536
829
704
585
654
22
155
782
107
734
595
70
2
46
784
359
19
971
108
68
49
923
190
866
799
556
626
589
725
203
636
610
407
692
535
125
276
575
859
90
737
393
948
199
883
318
216
569
198
647
306
608
645
958
66
103
119
491
694
312
